.Random.seed <-
c(403L, 10L, -1077990944L, 1358727459L, -428040639L, 1141395760L, 
1459307342L, -529012295L, -824896565L, 971278458L, 421722492L, 
-931583553L, 1314506389L, 1030479020L, -1801304446L, 1542622813L, 
2011443543L, 496458814L, 766439544L, -829293733L, -1091402055L, 
1363933960L, 1490473398L, 690999025L, 1389832483L, -1665442958L, 
921522628L, -1249031801L, 736940893L, 590749012L, -117239942L, 
-239731003L, -370675681L, 1887393702L, 2064582960L, 877650899L, 
422943217L, -458211552L, 2057992638L, -600692279L, 435735931L, 
379116362L, -1109832788L, -923520337L, 414216293L, 384253980L, 
1442647666L, 643264749L, 122405159L, -332051122L, 878034344L, 
1436879275L, 1904329417L, 909583064L, -108589178L, 1660093025L, 
1171127283L, 773344866L, -1471833900L, 546185687L, 66036685L, 
-1638439068L, 895406922L, 1370813109L, -937221617L, 689431318L, 
541035968L, -1929106045L, 72737697L, -198943856L, -1459681170L, 
862277145L, -2040500565L, 1064792730L, 2084916828L, 1463692127L, 
-1633991371L, -1692445492L, -1830101470L, -1504849795L, -779826825L, 
-1479088482L, 1248527704L, 1323451579L, -1625744807L, -2057395736L, 
1731933206L, -556720239L, -1947869117L, -1637447854L, 1931488228L, 
-111537625L, 1319815805L, -1917512844L, -1189646502L, -1765955163L, 
1110754751L, 1665447494L, 389846224L, -1519366413L, 576321553L, 
-1640432064L, -31157730L, 225385705L, 1123280411L, -1111779798L, 
-650057396L, -355478769L, 873719365L, -1818050564L, -1989720494L, 
1872034765L, 632403335L, 607629422L, 1901766728L, -1793496501L, 
-427194455L, -1387870472L, -1474923994L, -122508479L, -873459501L, 
343594114L, 1132090036L, 2024056375L, -2066526931L, 1722328644L, 
1665866602L, 1023748053L, 827392367L, 2065779830L, -722679904L, 
-1030528925L, 554509569L, -311416720L, -1330408434L, -952810375L, 
-2117635061L, -911655622L, -1937081284L, -930555009L, 2059356373L, 
406916332L, -1941518782L, -147334755L, -117154793L, 455434622L, 
-2005371080L, 80076827L, 1417343353L, -407627832L, 2094906358L, 
331386417L, -100448157L, -359086030L, 634963332L, -236827705L, 
661724829L, 934753812L, 584494266L, -694716155L, -2056946977L, 
-583366810L, 1298153200L, -976919021L, 1906306993L, -1649370528L, 
1813137406L, -1829902455L, -2059390789L, 1177324682L, 2078994284L, 
2048466159L, 1740928805L, -862223908L, -669163598L, -750098771L, 
-760029593L, 3497358L, -2082366872L, -92449173L, 461959177L, 
-1017114984L, 1303452102L, 1154246945L, 2036050355L, 971715874L, 
623226644L, 142292887L, -335915123L, -1743746396L, 1366672522L, 
-860398859L, -1258517169L, 1898326614L, 916756736L, 1245109315L, 
1255542753L, -2077417648L, 2010067374L, 1739669337L, 1354446187L, 
89431258L, 1689081244L, -1318413921L, 138820597L, 1494571660L, 
1399197538L, -768676035L, 1355974583L, 931202142L, 1252047256L, 
-1043964677L, 1464842393L, 1515579688L, -1294053418L, -46359471L, 
566916867L, 1752071826L, 1461296164L, -1415167257L, 1623521085L, 
134530996L, -326857702L, -494373019L, 1079888383L, 1415644294L, 
-2125207536L, 1808431795L, -187303599L, -740065348L, -983831984L, 
-867934750L, -1475997336L, 1471659340L, 150001916L, -170970382L, 
-398899456L, 859498100L, 480106504L, 682813882L, -1366669360L, 
-349111828L, -1722556524L, 527028946L, -718397856L, 1258272076L, 
911557920L, -2059922814L, -1229325848L, 81504236L, -1409079748L, 
1802690162L, 192201584L, 763439396L, 476435000L, 1526460826L, 
-449881648L, -2044207684L, 692820116L, -604341118L, -2028112448L, 
478896956L, -449784688L, 939692834L, 315354632L, 1207762188L, 
1116591516L, 281878034L, -525350016L, -1930394860L, 1470337320L, 
1506151482L, -478241840L, 671822444L, -1543083468L, 1497250450L, 
684342624L, 561445196L, -1341388832L, 1933993378L, -1410077272L, 
-1066752372L, -434868804L, 1135005298L, -1140679696L, -630712764L, 
-187766696L, 1231886394L, 225237104L, 1730324540L, -740976364L, 
-414477630L, -2004635936L, 1803868284L, 706129616L, 124783010L, 
829251624L, -1761121524L, -801607236L, -668470478L, -645055808L, 
2028995636L, -898808120L, -611441478L, 1270187664L, -899166484L, 
484149844L, -1834753390L, 1369674016L, 944839116L, -1619356960L, 
-2008921918L, 901256232L, 1237780396L, 1704358588L, -1379308558L, 
1729818160L, 1971214244L, 40508856L, 1187850074L, 1003962512L, 
-263580804L, 887439636L, 1853237570L, -1093560064L, 97619388L, 
2011900240L, 1015585058L, 939336264L, -772143092L, -381557156L, 
824744402L, 1220062720L, -1117369004L, 2124020968L, 369113338L, 
542252752L, -1696302292L, -248911628L, 740082066L, -1075903136L, 
1121674252L, 780524768L, -573042078L, 250950824L, -1527552948L, 
767184764L, -1098520270L, -1971789200L, 823202628L, -1249842216L, 
-356385926L, -248154064L, 1371066300L, -1477715372L, 803815490L, 
-736000352L, -102141252L, 1467720656L, 134763874L, 1678483176L, 
-1190740788L, 2144897532L, -2001072654L, 570743936L, -2006734348L, 
895693448L, 335723322L, -2044213936L, -2059271060L, 1457962388L, 
-770668462L, -526930464L, -1952570164L, -127545696L, 34374018L, 
1328320744L, 126479084L, -780829380L, -1395603342L, 931074672L, 
1667701284L, 759941176L, 1136527642L, -1154403120L, 381495612L, 
2063102868L, -944646270L, 2051783616L, 1922111036L, 1194447248L, 
1293023266L, 137788680L, 205146252L, 1403682588L, -1577468782L, 
-496256L, 696266772L, -277371096L, 1083954746L, 1450355152L, 
-249511572L, 1275440052L, -1260678638L, -23803936L, -2018367028L, 
1237305568L, 1830622242L, 748706600L, 977598988L, -309955780L, 
1267382258L, -1898183952L, 1827535428L, -2040338856L, -1877784774L, 
1630181360L, 1501907644L, 2075096340L, -296174398L, -173912992L, 
1363144060L, -2082668592L, 283203874L, 2036256424L, 741113740L, 
-794377028L, 1101038386L, -846158272L, 1253610676L, 721460296L, 
1711463866L, -214918640L, 692051180L, 370983252L, 275012370L, 
-691952224L, 18174668L, 1346001504L, 1479825346L, -1550052568L, 
-458522196L, 1652073788L, 1446028146L, -730852048L, 552156964L, 
1415017784L, 141055706L, -1454303344L, -1389731076L, 1369193364L, 
1852769346L, -306713344L, -190615492L, -212673200L, -602352478L, 
1333652980L, -1094119806L, 442305303L, -936777247L, -533792986L, 
665231908L, 1804784853L, -1551858561L, -65033960L, 1142470710L, 
-111841597L, -1417428219L, 2064344738L, -1079303024L, -1824172999L, 
-1344631573L, -534614564L, 919950346L, 1688617727L, -1402643639L, 
-1002278690L, -1347948916L, -1548760483L, 1292961895L, -1587325552L, 
431453614L, -2143580069L, -1364993987L, 2066054826L, 462883656L, 
15884145L, -234428189L, -826716188L, -1227749614L, -437724441L, 
994688177L, -1329795338L, 555014420L, -1703125467L, -1901726929L, 
1313305832L, 575657414L, -1301285773L, -418128171L, -1408957262L, 
-49379200L, -1570626455L, 268562651L, -635472852L, -976442310L, 
-1785496849L, -1108253319L, 1353267726L, -1287345188L, -393231283L, 
-362670153L, 500582720L, -431402978L, -1556760853L, 198284909L, 
-1366941990L, -811663720L, 1517495553L, -110294349L, -867654188L, 
627684578L, -1456063113L, 2079564993L, 402872390L, -1636759676L, 
1663287605L, -267419873L, -2126122376L, -1864906922L, 587875811L, 
1583061925L, 389114434L, 101328944L, 1244220505L, 2137928139L, 
-308714948L, -728167318L, 597036703L, 473994025L, -1859149890L, 
1861676716L, 345510909L, 1492257607L, -890557392L, 2022718798L, 
-1859422853L, 1107718877L, 1998754570L, 315380264L, -1889211759L, 
-960243069L, -884372604L, 418943410L, -1987006713L, 1357671761L, 
806036694L, -1047375436L, -1041685051L, 819283215L, 1416430472L, 
461761190L, -169518509L, 1992954805L, 1580798226L, -367602976L, 
-1262684343L, -686225029L, -628898740L, 1074869722L, 41949135L, 
331327897L, 1712818606L, 402261692L, 359962413L, -1707985705L, 
-949813984L, -573240706L, 958944331L, -1243523507L, -630002566L, 
-578138952L, -1118165407L, -1837892589L, 1511758388L, 1580665922L, 
-672799657L, 208564129L, 1478877286L, 1568364644L, 836318101L, 
1495135423L, 319059032L, 2086547574L, -821411709L, -279916347L, 
172191202L, 702223440L, 1692130681L, -1206476117L, 1862113820L, 
-1478146742L, -1745822401L, 866671497L, -561343586L, -1121013172L, 
